%YAML:1.0
# data
# the dataset directory, change it to yours! 
dataset_dir: /media/jyp/Data/Datasets/kitti/2011_10_03/2011_10_03_drive_0027_sync

# camera1 intrinsics
camera1.fx: 7.188560000000e+02
camera1.fy: 7.188560000000e+02
camera1.cx: 6.071928000000e+02
camera1.cy: 1.852157000000e+02

# camera2 intrinsics
camera2.fx: 7.188560000000e+02
camera2.fy: 7.188560000000e+02
camera2.cx: 6.071928000000e+02
camera2.cy: 1.852157000000e+02

# camera to camera
cam0_T_cam1: !!opencv-matrix
   rows: 4
   cols: 4
   dt: d
   data: [1, 0, 0, -0.537165718864418,
          0, 1, 0, 0,
          0, 0, 1, 0,
          0, 0, 0, 1]

num_features: 150
num_features_init: 50
num_features_tracking: 50
